0.05 0.0 0.0
0.15000000000000002 0.0 0.0
0.25 0.0 0.0
0.35000000000000003 0.0 0.0
0.45 0.0 0.0
0.55 0.0 0.0
0.65 0.0 0.0
0.75 0.0 0.0
0.8500000000000001 0.00776315125128072 0.002800000000000002
0.9500000000000001 0.5756958173010615 0.26211199999999957
1.05 1.5418669107629759 1.1103839999999991
1.1500000000000001 1.5900138322111785 2.1595680000000033
1.25 1.3597313355438225 3.2195199999999975
1.35 1.172121733393001 4.285183999999993
1.4500000000000002 1.0309149906594568 5.3664000000000005
1.55 0.9690927979534918 6.527743999999996
1.6500000000000001 0.920814640715006 7.778160000000019
1.75 0.9108958987961391 9.169536000000008
1.85 0.9423752044100384 10.778159999999987
1.9500000000000002 0.9782387034238724 12.63336
2.0500000000000003 0.999876397144692 14.729023999999997
2.15 1.0246014113434692 17.091087999999996
2.25 1.0434182263027478 19.72545599999999
2.35 1.0336981180306064 22.572383999999996
2.45 1.0137928961270473 25.607135999999993
2.5500000000000003 1.0113247732144823 28.88663999999997
2.6500000000000004 1.0015106209699192 32.39400000000001
2.75 1.0018147906574686 36.17217600000001
2.85 0.9971582702627999 40.21123200000001
2.95 1.0015673442251887 44.557807999999994
3.0500000000000003 1.000235782473379 49.197856000000094
3.1500000000000004 1.0052264385236258 54.171824
3.25 1.0052702247396346 59.46681600000004
3.35 1.002890168843973 65.07808000000006
3.45 1.0037014225656298 70.73905599999996
3.5500000000000003 1.0017221494505848 76.1980160000001
3.6500000000000004 1.0146618390792086 81.51393599999992
3.75 1.0052896450175222 86.54912000000002
3.85 0.9998736550006346 91.30684800000009
3.95 0.9987862739058931 95.78942400000011
4.05 1.0014112419088292 99.99312000000003
4.15 1.0109664028397125 103.92332799999988
4.25 1.0107961838697501 107.51916800000008
4.3500000000000005 1.0116227042807615 110.76379200000001
4.45 1.0104263092341623 113.6306879999999
4.55 0.9997616674285255 116.07744000000004
4.65 0.9922077991890093 118.0989760000002
4.75 1.0001348495115083 119.70673599999984
4.8500000000000005 0.0 0.0
4.95 0.0 0.0
5.050000000000001 0.0 0.0
5.15 0.0 0.0
5.25 0.0 0.0
5.3500000000000005 0.0 0.0
5.45 0.0 0.0
5.550000000000001 0.0 0.0
5.65 0.0 0.0
5.75 0.0 0.0
5.8500000000000005 0.0 0.0
5.95 0.0 0.0
6.050000000000001 0.0 0.0
6.15 0.0 0.0
6.25 0.0 0.0
6.3500000000000005 0.0 0.0
6.45 0.0 0.0
6.550000000000001 0.0 0.0
6.65 0.0 0.0
6.75 0.0 0.0
6.8500000000000005 0.0 0.0
6.95 0.0 0.0
7.050000000000001 0.0 0.0
7.15 0.0 0.0
7.25 0.0 0.0
7.3500000000000005 0.0 0.0
7.45 0.0 0.0
7.550000000000001 0.0 0.0
7.65 0.0 0.0
7.75 0.0 0.0
7.8500000000000005 0.0 0.0
7.95 0.0 0.0
8.05 0.0 0.0
8.15 0.0 0.0
8.25 0.0 0.0
8.35 0.0 0.0
8.450000000000001 0.0 0.0
8.55 0.0 0.0
8.65 0.0 0.0
8.75 0.0 0.0
8.85 0.0 0.0
8.950000000000001 0.0 0.0
9.05 0.0 0.0
9.15 0.0 0.0
9.25 0.0 0.0
9.35 0.0 0.0
9.450000000000001 0.0 0.0
9.55 0.0 0.0
9.65 0.0 0.0
9.75 0.0 0.0
9.850000000000001 0.0 0.0
9.950000000000001 0.0 0.0
10.05 0.0 0.0
