0.05 0.0 0.0
0.15000000000000002 0.0 0.0
0.25 0.0 0.0
0.35000000000000003 0.0 0.0
0.45 0.0 0.0
0.55 0.0 0.0
0.65 0.0 0.0
0.75 0.0 0.0
0.8500000000000001 0.0 0.0
0.9500000000000001 0.20449687296860633 0.0921119999999992
1.05 3.0155935236607787 1.7511679999999932
1.1500000000000001 3.5701962155876013 4.106991999999997
1.25 2.2227534114961265 5.8396960000000115
1.35 1.3929988560255095 7.106176000000009
1.4500000000000002 1.0462926737212612 8.203519999999987
1.55 0.9174231582521793 9.302944000000009
1.6500000000000001 0.8947870845565516 10.518016000000006
1.75 0.980427378151351 12.015599999999983
1.85 1.153619696416019 13.984815999999977
1.9500000000000002 1.3430175462003946 16.531807999999998
2.0500000000000003 1.4397551392046521 19.549424000000016
2.15 1.4527742965490387 22.89857600000003
2.25 1.330959011383855 26.258912000000002
2.35 1.1680829981050458 29.47595199999999
2.45 1.049299592998341 32.61699199999999
2.5500000000000003 1.009972846884839 35.89211199999998
2.6500000000000004 0.9818970764426447 39.330784000000016
2.75 1.0086495114444285 43.13473599999993
2.85 1.0529805838939224 47.399904
2.95 1.0822978139521604 52.09683199999997
3.0500000000000003 1.087841734393955 57.14328000000005
3.1500000000000004 1.0630004516321987 62.403119999999994
3.25 1.0235021900045833 67.79414399999995
3.35 0.9867102776099981 73.31487999999985
3.45 0.9432230580498965 78.63475200000006
3.5500000000000003 0.9120535058514533 83.60505600000006
3.6500000000000004 0.9134842540780957 88.39089600000001
3.75 0.9000549389148269 92.89899199999992
3.85 0.8927503393306004 97.14699200000004
3.95 0.8859954138867091 101.12336000000006
4.05 0.864740643840368 104.75334400000001
4.15 0.8543855122770266 108.07483199999994
4.25 0.8429628191047622 111.07361600000009
4.3500000000000005 0.8244922835825 113.71804800000015
4.45 0.805426741090282 116.00329600000009
4.55 0.7859258255074647 117.9267199999999
4.65 0.7836137513991427 119.52326399999987
4.75 0.7846109401586476 120.78456000000011
4.8500000000000005 0.0 0.0
4.95 0.0 0.0
5.050000000000001 0.0 0.0
5.15 0.0 0.0
5.25 0.0 0.0
5.3500000000000005 0.0 0.0
5.45 0.0 0.0
5.550000000000001 0.0 0.0
5.65 0.0 0.0
5.75 0.0 0.0
5.8500000000000005 0.0 0.0
5.95 0.0 0.0
6.050000000000001 0.0 0.0
6.15 0.0 0.0
6.25 0.0 0.0
6.3500000000000005 0.0 0.0
6.45 0.0 0.0
6.550000000000001 0.0 0.0
6.65 0.0 0.0
6.75 0.0 0.0
6.8500000000000005 0.0 0.0
6.95 0.0 0.0
7.050000000000001 0.0 0.0
7.15 0.0 0.0
7.25 0.0 0.0
7.3500000000000005 0.0 0.0
7.45 0.0 0.0
7.550000000000001 0.0 0.0
7.65 0.0 0.0
7.75 0.0 0.0
7.8500000000000005 0.0 0.0
7.95 0.0 0.0
8.05 0.0 0.0
8.15 0.0 0.0
8.25 0.0 0.0
8.35 0.0 0.0
8.450000000000001 0.0 0.0
8.55 0.0 0.0
8.65 0.0 0.0
8.75 0.0 0.0
8.85 0.0 0.0
8.950000000000001 0.0 0.0
9.05 0.0 0.0
9.15 0.0 0.0
9.25 0.0 0.0
9.35 0.0 0.0
9.450000000000001 0.0 0.0
9.55 0.0 0.0
9.65 0.0 0.0
9.75 0.0 0.0
9.850000000000001 0.0 0.0
9.950000000000001 0.0 0.0
10.05 0.0 0.0
